ВАРИАНТ 3

Задания 1-2

X=(-0.45, -0.33, 2.92, -1.25, -1.20, 0.05, -0.53, -0.19, 1.49, 0.67, 0.22, 1.23, 0.50, -0.92, 0.90, -1.52, -0.15, -1.24, -0.47, -0.45, 0.18, -0.05, 1.58, 1.74, 2.37, -0.24, -1.34, 1.05, 1.28, 1.37, 1.18, 0.22, 0.11, 0.28, -0.64, -0.39, -1.77, -1.61, 0.47, 0.77, -0.27, -1.19, -0.25, 1.04, -0.16, 0.42, 0.29, 0.10, 1.04, 0.43, -0.67, 0.41, -0.62, -1.49, 1.46, -2.77, 2.09, 0.88, -0.36, -0.71, -0.62, 1.34, -0.78, -0.15, 2.69, 0.92, 1.68, -0.12, 0.34, 0.74, 1.72, 1.24, 0.23, 0.76, 0.87, -1.52, 0.63, -0.56, 0.83, 0.31, -0.18, 0.99, -1.01, 0.58, 1.21, -1.51, 0.65, 0.35, -0.37, -0.50, -0.73, 0.63, 0.33, 1.56, -0.98, 0.85, 0.56, -1.07, 1.47, 1.44, 1.91, 0.24, 1.34, 0.99, 1.27, 0.11, 0.22, -0.25, 0.35, -0.03, -0.56, -0.79, 2.41, -0.45, -0.44, 0.07, 0.64, 0.69, 0.10, -0.28)

Задание 3

T=(-5.00, -4.80, -4.60, -4.40, -4.20, -4.00, -3.80, -3.60, -3.40, -3.20, -3.00, -2.80, -2.60, -2.40, -2.20, -2.00, -1.80, -1.60, -1.40, -1.20, -1.00, -0.80, -0.60, -0.40, -0.20, 0.00, 0.20, 0.40, 0.60, 0.80, 1.00, 1.20, 1.40, 1.60, 1.80, 2.00, 2.20, 2.40, 2.60, 2.80, 3.00, 3.20, 3.40, 3.60, 3.80, 4.00, 4.20, 4.40, 4.60, 4.80, 5.00, 5.20, 5.40, 5.60, 5.80, 6.00, 6.20, 6.40, 6.60, 6.80, 7.00)

Y=(168.04, 134.84, 151.80, 122.02, 124.47, 99.41, 83.67, 79.85, 67.28, 49.34, 38.70, 37.60, 56.74, 39.18, 14.90, 18.16, 5.57, 20.01, 7.47, -0.83, -4.27, 6.99, -5.98, 0.06, 5.12, 4.25, 11.96, -3.26, 11.99, 1.46, 6.77, 7.04, 20.57, 17.30, 11.79, 27.22, 41.66, 37.30, 54.07, 60.48, 69.80, 99.22, 92.88, 90.04, 115.74, 109.33, 124.73, 155.13, 151.89, 177.92, 188.00, 193.02, 215.24, 227.41, 250.07, 248.79, 286.57, 294.65, 326.11, 341.49, 351.17)
